date: 25, prev: 23
date: 5, prev: 3
date: 24, prev: 22
date: 5, prev: 3
date: 23, prev: 21
404
101
25
Test loss: 0.02260666899383068
predicted | original | difference | accuracy
[44.65988] | [45.43000031] | [-0.77011871] | [0.98304823]
[45.067432] | [45.22000122] | [-0.15256882] | [0.99662608]
[44.777702] | [44.25999832] | [0.51770401] | [0.98830312]
[44.948112] | [45.04000092] | [-0.09188843] | [0.99795985]
[44.707756] | [44.90999985] | [-0.2022438] | [0.99549669]
[42.79855] | [43.36000061] | [-0.56145096] | [0.98705141]
[44.31544] | [44.97999954] | [-0.66455841] | [0.98522547]
[45.83339] | [47.24000168] | [-1.4066124] | [0.97022412]
[45.497814] | [45.18000031] | [0.31781387] | [0.99296561]
[46.69422] | [47.20999908] | [-0.51577759] | [0.98907482]
[45.84451] | [45.97999954] | [-0.13549042] | [0.99705327]
[45.807556] | [46.00999832] | [-0.20244217] | [0.99560004]
[47.23284] | [47.54999924] | [-0.31715775] | [0.99333002]
[47.797157] | [47.75] | [0.04715729] | [0.99901241]
[44.938156] | [44.45999908] | [0.47815704] | [0.98924523]
[42.532974] | [42.91999817] | [-0.38702393] | [0.99098267]
[42.791588] | [43.49000168] | [-0.69841385] | [0.98394082]
[42.53557] | [43.09999847] | [-0.56443024] | [0.98690417]
[42.67871] | [44.54000092] | [-1.86128998] | [0.95821082]
[44.605583] | [43.52000046] | [1.08558273] | [0.97505554]
[44.42685] | [42.16999817] | [2.2568512] | [0.94648207]
[44.495018] | [45.31000137] | [-0.81498337] | [0.98201317]
[45.360523] | [44.18000031] | [1.18052292] | [0.97327925]
[42.740444] | [43.36999893] | [-0.62955475] | [0.9854841]
[42.463955] | [42.31000137] | [0.15395355] | [0.9963613]
Overall accuracy:  [0.98555721]
Directional accuracy:  0.52
gis
date: 25, prev: 23
date: 5, prev: 3
date: 24, prev: 22
date: 5, prev: 3
date: 23, prev: 21
404
101
25
Test loss: 0.015213532373309135
predicted | original | difference | accuracy
[74.85692] | [75.83999634] | [-0.983078] | [0.98703747]
[73.898094] | [73.43000031] | [0.46809387] | [0.9936253]
[72.028] | [79.68000031] | [-7.65200043] | [0.90396586]
[76.51019] | [76.48000336] | [0.03018951] | [0.99960526]
[77.412735] | [77.37999725] | [0.03273773] | [0.99957692]
[76.966385] | [76.95999908] | [0.0063858] | [0.99991702]
[78.39962] | [76.88999939] | [1.50962067] | [0.98036649]
[78.591194] | [78.73999786] | [-0.14880371] | [0.99811019]
[81.16773] | [80.73000336] | [0.43772888] | [0.99457787]
[80.04782] | [79.75] | [0.29782104] | [0.99626557]
[82.86251] | [82.44999695] | [0.41251373] | [0.9949968]
[81.63424] | [82.19999695] | [-0.56575775] | [0.9931173]
[80.7381] | [80.30000305] | [0.43809509] | [0.99454427]
[83.48371] | [83.48999786] | [-0.00628662] | [0.9999247]
[84.9891] | [85.55000305] | [-0.56090546] | [0.99344354]
[84.4009] | [84.72000122] | [-0.31909943] | [0.99623348]
[80.53376] | [80.12000275] | [0.41375732] | [0.99483578]
[73.56] | [75.91000366] | [-2.3500061] | [0.96904221]
[75.42952] | [74.20999908] | [1.21952057] | [0.98356663]
[72.935646] | [72.06999969] | [0.86564636] | [0.98798881]
[76.42869] | [76.58000183] | [-0.15131378] | [0.99802411]
[78.100624] | [76.36000061] | [1.74062347] | [0.97720504]
[74.390854] | [74.73999786] | [-0.34914398] | [0.99532855]
[72.27456] | [71.48999786] | [0.78456116] | [0.98902558]
[74.9064] | [75.12000275] | [-0.21360016] | [0.99715655]
Overall accuracy:  [0.98869925]
Directional accuracy:  0.56
nke
date: 25, prev: 23
date: 5, prev: 3
date: 24, prev: 22
date: 5, prev: 3
date: 23, prev: 21
404
101
25
Test loss: 0.002383342944085598
predicted | original | difference | accuracy
[231.80989] | [231.91999817] | [-0.11010742] | [0.99952524]
[225.43234] | [226.02000427] | [-0.58766174] | [0.99739996]
[222.13632] | [220.57000732] | [1.5663147] | [0.99289879]
[219.36572] | [221.78999329] | [-2.42427063] | [0.98906952]
[225.78757] | [226.41000366] | [-0.62243652] | [0.99725084]
[228.45985] | [231.69000244] | [-3.23014832] | [0.98605832]
[234.28181] | [237.63999939] | [-3.35818481] | [0.9858686]
[232.9339] | [234.08999634] | [-1.15609741] | [0.99506131]
[232.64398] | [229.61000061] | [3.03398132] | [0.98678637]
[230.43073] | [233.38000488] | [-2.94927979] | [0.98736276]
[234.4752] | [235.11000061] | [-0.63479614] | [0.9973]
[237.12958] | [237.80999756] | [-0.68041992] | [0.99713881]
[233.3741] | [233.91000366] | [-0.53590393] | [0.99770893]
[226.67667] | [229.24000549] | [-2.56333923] | [0.9888181]
[234.96245] | [235.33999634] | [-0.37754822] | [0.99839573]
[226.24954] | [224.24000549] | [2.00953674] | [0.99103846]
[226.70561] | [225.71000671] | [0.99560547] | [0.99558901]
[211.6757] | [213.86999512] | [-2.19429016] | [0.98974007]
[224.99347] | [226.96000671] | [-1.96653748] | [0.99133531]
[210.86513] | [212.36000061] | [-1.49487305] | [0.99296067]
[226.4444] | [229.69000244] | [-3.24560547] | [0.98586963]
[229.8999] | [222.6499939] | [7.24990845] | [0.96743809]
[201.73067] | [202.11999512] | [-0.389328] | [0.99807378]
[190.95624] | [189.1000061] | [1.85623169] | [0.99018386]
[191.60663] | [190.69000244] | [0.91662598] | [0.99519311]
Overall accuracy:  [0.99176261]
Directional accuracy:  0.52
gs
date: 25, prev: 23
date: 5, prev: 3
date: 24, prev: 22
date: 5, prev: 3
date: 23, prev: 21
404
101
25
Test loss: 0.0031692013144493103
predicted | original | difference | accuracy
[145.10394] | [145.38999939] | [-0.28605652] | [0.99803249]
[142.00417] | [141.27999878] | [0.72416687] | [0.99487424]
[138.07957] | [139.69999695] | [-1.62042236] | [0.9884007]
[139.57007] | [142.47999573] | [-2.90992737] | [0.97957659]
[144.29173] | [145.8999939] | [-1.60826111] | [0.98897696]
[145.4492] | [146.3500061] | [-0.90080261] | [0.99384487]
[145.07486] | [145.1499939] | [-0.07513428] | [0.99948237]
[143.05887] | [147.69999695] | [-4.64112854] | [0.96857733]
[145.13586] | [144.47999573] | [0.65586853] | [0.99546049]
[143.35399] | [146.05999756] | [-2.70600891] | [0.98147331]
[144.48828] | [146.03999329] | [-1.55171204] | [0.98937475]
[145.51068] | [146.47999573] | [-0.96931458] | [0.99338261]
[144.9754] | [145.44999695] | [-0.47459412] | [0.99673706]
[146.27782] | [148.33000183] | [-2.05218506] | [0.98616473]
[148.35951] | [151.3500061] | [-2.99049377] | [0.9802412]
[149.36357] | [151.21000671] | [-1.84643555] | [0.98778893]
[151.63121] | [149.02999878] | [2.60121155] | [0.98254572]
[143.57726] | [140.8500061] | [2.72724915] | [0.98063721]
[131.73007] | [129.1000061] | [2.63006592] | [0.97962769]
[125.227875] | [124.79000092] | [0.43787384] | [0.99649111]
[116.41126] | [115.66999817] | [0.74126434] | [0.99359156]
[123.93793] | [123.54000092] | [0.39792633] | [0.99677897]
[119.48144] | [121.56999969] | [-2.08856201] | [0.98282009]
[116.41126] | [117.19000244] | [-0.77873993] | [0.99335489]
[121.213394] | [124.26999664] | [-3.05660248] | [0.97540354]
Overall accuracy:  [0.98814558]
Directional accuracy:  0.6
ibm
date: 25, prev: 23
date: 5, prev: 3
date: 24, prev: 22
date: 5, prev: 3
date: 23, prev: 21
404
101
25
Test loss: 0.005445325747132301
predicted | original | difference | accuracy
[190.35062] | [188.83999634] | [1.51062012] | [0.99200053]
[183.91615] | [184.91999817] | [-1.00384521] | [0.99457146]
[184.36752] | [185.11000061] | [-0.74247742] | [0.99598899]
[183.4765] | [187.97000122] | [-4.49349976] | [0.97609459]
[189.98137] | [191.33000183] | [-1.34863281] | [0.99295127]
[191.03877] | [191.44000244] | [-0.40122986] | [0.99790415]
[193.46962] | [190.97999573] | [2.48962402] | [0.98696395]
[204.0965] | [207.99000549] | [-3.89350891] | [0.98128031]
[208.48645] | [207.52999878] | [0.95645142] | [0.99539126]
[213.15924] | [217.58000183] | [-4.42076111] | [0.97968213]
[215.94832] | [216.16000366] | [-0.21168518] | [0.9990207]
[225.29482] | [227.63000488] | [-2.33518982] | [0.98974129]
[225.33827] | [221.30000305] | [4.03826904] | [0.98175206]
[227.79515] | [223.83999634] | [3.95515442] | [0.98233044]
[220.56935] | [217.66000366] | [2.90934753] | [0.98663352]
[225.70107] | [225.74000549] | [-0.03894043] | [0.9998275]
[229.84435] | [224.28999329] | [5.55435181] | [0.97523585]
[217.9684] | [222.11000061] | [-4.14160156] | [0.98135338]
[218.52693] | [219.30999756] | [-0.7830658] | [0.99642941]
[221.52148] | [216.30000305] | [5.22148132] | [0.97586]
[221.48454] | [207.47999573] | [14.00454712] | [0.9325017]
[207.98198] | [204.47000122] | [3.51197815] | [0.98282399]
[190.46777] | [193.52999878] | [-3.06222534] | [0.984177]
[174.73187] | [172.28999329] | [2.44187927] | [0.98582692]
[176.71297] | [178.58000183] | [-1.86703491] | [0.98954511]
Overall accuracy:  [0.9854355]
Directional accuracy:  0.6
aapl
