date: 25, prev: 23
date: 5, prev: 3
date: 24, prev: 22
date: 5, prev: 3
date: 23, prev: 21
404
101
25
Test loss: 0.0023726869840174913
predicted | original | difference | accuracy
[43.48133] | [43.90999985] | [-0.42866898] | [0.99023755]
[41.36008] | [41.25] | [0.11008072] | [0.99733138]
[40.38527] | [39.40000153] | [0.98526764] | [0.97499321]
[39.25183] | [39.15999985] | [0.09183121] | [0.99765497]
[39.23909] | [39.36000061] | [-0.12091064] | [0.99692808]
[39.27262] | [39.40000153] | [-0.12738037] | [0.996767]
[37.246143] | [37.52999878] | [-0.28385544] | [0.99243657]
[36.763588] | [37.72999954] | [-0.96641159] | [0.97438612]
[37.395645] | [36.59000015] | [0.80564499] | [0.97798183]
[36.12572] | [36.38000107] | [-0.25428009] | [0.99301044]
[35.817688] | [35.95000076] | [-0.13231277] | [0.99631953]
[36.50963] | [36.04999924] | [0.45962906] | [0.98725023]
[34.646072] | [33.90999985] | [0.73607254] | [0.97829335]
[33.985306] | [34.63000107] | [-0.64469528] | [0.98138333]
[35.990543] | [35.31999969] | [0.67054367] | [0.98101518]
[33.309776] | [33.66999817] | [-0.36022186] | [0.9893014]
[33.87009] | [34.11999893] | [-0.24990845] | [0.9926756]
[31.890574] | [31.79000092] | [0.10057259] | [0.99683635]
[31.836617] | [31.20000076] | [0.63661575] | [0.97959565]
[31.772518] | [32.65000153] | [-0.87748337] | [0.97312455]
[37.15792] | [36.02999878] | [1.12792206] | [0.96869492]
[36.41677] | [35.70000076] | [0.71677017] | [0.9799224]
[35.485268] | [35.75] | [-0.26473236] | [0.9925949]
[35.412838] | [35.93000031] | [-0.51716232] | [0.98560639]
[36.720673] | [37.95000076] | [-1.22932816] | [0.96760664]
Overall accuracy:  [0.9856779]
Directional accuracy:  0.56
gm
