date: 25, prev: 23
date: 5, prev: 3
date: 24, prev: 22
date: 5, prev: 3
date: 23, prev: 21
404
101
25
Test loss: 0.017267469316720963
predicted | original | difference | accuracy
[44.619373] | [45.43000031] | [-0.81062698] | [0.98215657]
[45.070217] | [45.22000122] | [-0.14978409] | [0.99668766]
[44.729843] | [44.25999832] | [0.46984482] | [0.98938444]
[44.697536] | [45.04000092] | [-0.34246445] | [0.99239644]
[44.69347] | [44.90999985] | [-0.21652985] | [0.99517858]
[43.387203] | [43.36000061] | [0.02720261] | [0.99937263]
[44.155235] | [44.97999954] | [-0.82476425] | [0.98166376]
[45.78372] | [47.24000168] | [-1.45628357] | [0.96917266]
[45.25552] | [45.18000031] | [0.07551956] | [0.99832847]
[46.688156] | [47.20999908] | [-0.52184296] | [0.98894635]
[45.5839] | [45.97999954] | [-0.39609909] | [0.9913854]
[45.718666] | [46.00999832] | [-0.29133224] | [0.99366807]
[47.017147] | [47.54999924] | [-0.53285217] | [0.98879386]
[47.65714] | [47.75] | [-0.09286118] | [0.99805526]
[44.197033] | [44.45999908] | [-0.26296616] | [0.99408533]
[43.050682] | [42.91999817] | [0.1306839] | [0.99695517]
[43.416527] | [43.49000168] | [-0.07347488] | [0.99831053]
[42.917107] | [43.09999847] | [-0.18289185] | [0.99575657]
[43.769863] | [44.54000092] | [-0.77013779] | [0.98270908]
[44.59736] | [43.52000046] | [1.07735825] | [0.97524453]
[44.388] | [42.16999817] | [2.21800232] | [0.94740331]
[44.467056] | [45.31000137] | [-0.8429451] | [0.98139605]
[45.29744] | [44.18000031] | [1.11743927] | [0.97470712]
[43.315964] | [43.36999893] | [-0.05403519] | [0.99875409]
[42.355392] | [42.31000137] | [0.04539108] | [0.99892718]
Overall accuracy:  [0.98837756]
Directional accuracy:  0.48
gis
date: 25, prev: 23
date: 5, prev: 3
date: 24, prev: 22
date: 5, prev: 3
date: 23, prev: 21
404
101
25
Test loss: 0.01617862656712532
predicted | original | difference | accuracy
[74.86524] | [75.83999634] | [-0.97475433] | [0.98714723]
[74.2376] | [73.43000031] | [0.80760193] | [0.98900174]
[71.89446] | [79.68000031] | [-7.78553772] | [0.90228994]
[76.7648] | [76.48000336] | [0.28479767] | [0.99627618]
[77.68632] | [77.37999725] | [0.30632019] | [0.99604135]
[77.11027] | [76.95999908] | [0.15026855] | [0.99804745]
[78.63059] | [76.88999939] | [1.74059296] | [0.97736256]
[78.88756] | [78.73999786] | [0.14756012] | [0.99812598]
[81.6994] | [80.73000336] | [0.9693985] | [0.98799209]
[80.3582] | [79.75] | [0.60820007] | [0.99237367]
[83.39231] | [82.44999695] | [0.94231415] | [0.98857108]
[82.003296] | [82.19999695] | [-0.19670105] | [0.99760704]
[80.75381] | [80.30000305] | [0.45380402] | [0.99434864]
[84.04312] | [83.48999786] | [0.55312347] | [0.99337497]
[85.79801] | [85.55000305] | [0.24800873] | [0.99710101]
[84.88767] | [84.72000122] | [0.1676712] | [0.99802088]
[80.68892] | [80.12000275] | [0.56891632] | [0.9928992]
[74.01954] | [75.91000366] | [-1.89046478] | [0.97509597]
[75.422745] | [74.20999908] | [1.21274567] | [0.98365792]
[72.988365] | [72.06999969] | [0.91836548] | [0.98725731]
[76.262436] | [76.58000183] | [-0.31756592] | [0.99585315]
[78.30915] | [76.36000061] | [1.94915009] | [0.9744742]
[74.63392] | [74.73999786] | [-0.1060791] | [0.99858069]
[72.67244] | [71.48999786] | [1.18244171] | [0.98346004]
[74.757416] | [75.12000275] | [-0.36258698] | [0.99517323]
Overall accuracy:  [0.98720534]
Directional accuracy:  0.48
nke
date: 25, prev: 23
date: 5, prev: 3
date: 24, prev: 22
date: 5, prev: 3
date: 23, prev: 21
404
101
25
Test loss: 0.0025194876361638308
predicted | original | difference | accuracy
[232.93297] | [231.91999817] | [1.01296997] | [0.99563224]
[226.73419] | [226.02000427] | [0.71418762] | [0.99684016]
[222.32074] | [220.57000732] | [1.75073242] | [0.99206269]
[219.97002] | [221.78999329] | [-1.81997681] | [0.99179414]
[226.5821] | [226.41000366] | [0.17210388] | [0.99923986]
[229.9019] | [231.69000244] | [-1.7881012] | [0.99228235]
[235.10349] | [237.63999939] | [-2.53651428] | [0.98932623]
[233.80547] | [234.08999634] | [-0.28453064] | [0.99878452]
[233.63504] | [229.61000061] | [4.02503967] | [0.9824701]
[231.51976] | [233.38000488] | [-1.86024475] | [0.99202912]
[235.31355] | [235.11000061] | [0.20355225] | [0.99913423]
[237.50801] | [237.80999756] | [-0.30198669] | [0.99873013]
[234.23903] | [233.91000366] | [0.32902527] | [0.99859337]
[227.97989] | [229.24000549] | [-1.26011658] | [0.99450307]
[234.56958] | [235.33999634] | [-0.77041626] | [0.99672637]
[227.7187] | [224.24000549] | [3.47869873] | [0.98448672]
[227.52147] | [225.71000671] | [1.8114624] | [0.99197438]
[212.43658] | [213.86999512] | [-1.43341064] | [0.99329775]
[226.18974] | [226.96000671] | [-0.77026367] | [0.99660617]
[211.83876] | [212.36000061] | [-0.52124023] | [0.99754549]
[227.00339] | [229.69000244] | [-2.68661499] | [0.9883033]
[231.21027] | [222.6499939] | [8.56027222] | [0.96155278]
[202.26385] | [202.11999512] | [0.14385986] | [0.99928825]
[190.43854] | [189.1000061] | [1.33853149] | [0.99292157]
[193.70618] | [190.69000244] | [3.01617432] | [0.98418284]
Overall accuracy:  [0.99233231]
Directional accuracy:  0.68
gs
date: 25, prev: 23
date: 5, prev: 3
date: 24, prev: 22
date: 5, prev: 3
date: 23, prev: 21
404
101
25
Test loss: 0.0028873002156615257
predicted | original | difference | accuracy
[145.87698] | [145.38999939] | [0.48698425] | [0.9966505]
[142.30922] | [141.27999878] | [1.02922058] | [0.99271503]
[139.31389] | [139.69999695] | [-0.3861084] | [0.99723616]
[140.51672] | [142.47999573] | [-1.96327209] | [0.98622072]
[145.63469] | [145.8999939] | [-0.26530457] | [0.9981816]
[146.8148] | [146.3500061] | [0.46479797] | [0.99682407]
[146.53394] | [145.1499939] | [1.38394165] | [0.99046544]
[143.70078] | [147.69999695] | [-3.9992218] | [0.97292335]
[145.71208] | [144.47999573] | [1.23208618] | [0.99147227]
[144.4178] | [146.05999756] | [-1.64219666] | [0.9887567]
[145.57626] | [146.03999329] | [-0.46372986] | [0.99682464]
[146.33531] | [146.47999573] | [-0.14468384] | [0.99901226]
[146.20737] | [145.44999695] | [0.75737] | [0.99479292]
[147.77681] | [148.33000183] | [-0.55319214] | [0.99627053]
[150.00053] | [151.3500061] | [-1.34947205] | [0.99108377]
[150.7105] | [151.21000671] | [-0.49951172] | [0.99669657]
[152.38098] | [149.02999878] | [3.35098267] | [0.97751471]
[142.56984] | [140.8500061] | [1.71983337] | [0.98778961]
[135.20013] | [129.1000061] | [6.10012817] | [0.95274882]
[124.47612] | [124.79000092] | [-0.31388092] | [0.99748473]
[116.55747] | [115.66999817] | [0.88747406] | [0.99232753]
[124.09598] | [123.54000092] | [0.55597687] | [0.99549962]
[120.433075] | [121.56999969] | [-1.13692474] | [0.99064798]
[117.035164] | [117.19000244] | [-0.15483856] | [0.99867874]
[121.60802] | [124.26999664] | [-2.66197968] | [0.97857906]
Overall accuracy:  [0.99029589]
Directional accuracy:  0.64
ibm
date: 25, prev: 23
date: 5, prev: 3
date: 24, prev: 22
date: 5, prev: 3
date: 23, prev: 21
404
101
25
Test loss: 0.005661472678184509
predicted | original | difference | accuracy
[188.2566] | [188.83999634] | [-0.58338928] | [0.99691067]
[183.15512] | [184.91999817] | [-1.76487732] | [0.990456]
[182.27383] | [185.11000061] | [-2.83616638] | [0.98467848]
[182.74297] | [187.97000122] | [-5.22703552] | [0.97219218]
[188.06831] | [191.33000183] | [-3.26168823] | [0.98295255]
[189.41049] | [191.44000244] | [-2.0295105] | [0.98939871]
[192.15585] | [190.97999573] | [1.17585754] | [0.99384303]
[201.86316] | [207.99000549] | [-6.12684631] | [0.97054259]
[207.75798] | [207.52999878] | [0.22798157] | [0.99890145]
[211.67526] | [217.58000183] | [-5.90473938] | [0.97286176]
[214.63368] | [216.16000366] | [-1.52632141] | [0.99293893]
[223.09222] | [227.63000488] | [-4.53778076] | [0.9800651]
[223.24226] | [221.30000305] | [1.94226074] | [0.9912234]
[223.54964] | [223.83999634] | [-0.2903595] | [0.99870283]
[218.88452] | [217.66000366] | [1.22451782] | [0.99437417]
[222.92339] | [225.74000549] | [-2.81661987] | [0.98752273]
[227.84227] | [224.28999329] | [3.55227661] | [0.98416213]
[214.37788] | [222.11000061] | [-7.7321167] | [0.96518789]
[215.8435] | [219.30999756] | [-3.4664917] | [0.98419364]
[218.31071] | [216.30000305] | [2.01071167] | [0.99070406]
[219.41867] | [207.47999573] | [11.93867493] | [0.94245867]
[207.10808] | [204.47000122] | [2.63807678] | [0.98709798]
[188.6632] | [193.52999878] | [-4.86680603] | [0.97485245]
[174.09741] | [172.28999329] | [1.80741882] | [0.98950944]
[176.36111] | [178.58000183] | [-2.21888733] | [0.98757483]
Overall accuracy:  [0.98413223]
Directional accuracy:  0.64
aapl
