date: 25, prev: 23
date: 5, prev: 3
date: 24, prev: 22
date: 5, prev: 3
date: 23, prev: 21
404
101
25
Test loss: 0.01866762526333332
predicted | original | difference | accuracy
[44.65855] | [45.43000031] | [-0.77145004] | [0.98301893]
[45.163433] | [45.22000122] | [-0.05656815] | [0.99874905]
[44.863476] | [44.25999832] | [0.60347748] | [0.98636517]
[44.92378] | [45.04000092] | [-0.11622238] | [0.99741957]
[44.753845] | [44.90999985] | [-0.15615463] | [0.99652294]
[43.199947] | [43.36000061] | [-0.16005325] | [0.99630873]
[44.286434] | [44.97999954] | [-0.69356537] | [0.98458058]
[46.056923] | [47.24000168] | [-1.18307877] | [0.974956]
[45.565292] | [45.18000031] | [0.38529205] | [0.99147207]
[46.775238] | [47.20999908] | [-0.43476105] | [0.99079091]
[45.75372] | [45.97999954] | [-0.22628021] | [0.99507873]
[45.76621] | [46.00999832] | [-0.24378967] | [0.99470138]
[47.109943] | [47.54999924] | [-0.44005585] | [0.99074541]
[47.69705] | [47.75] | [-0.05295181] | [0.99889106]
[44.3585] | [44.45999908] | [-0.10149765] | [0.9977171]
[42.703316] | [42.91999817] | [-0.21668243] | [0.99495148]
[43.124214] | [43.49000168] | [-0.36578751] | [0.99158916]
[42.511375] | [43.09999847] | [-0.58862305] | [0.98634285]
[43.754234] | [44.54000092] | [-0.7857666] | [0.98235818]
[44.597042] | [43.52000046] | [1.07704163] | [0.9752518]
[44.739254] | [42.16999817] | [2.56925583] | [0.93907385]
[44.639996] | [45.31000137] | [-0.6700058] | [0.98521285]
[45.414883] | [44.18000031] | [1.23488235] | [0.97204884]
[43.093624] | [43.36999893] | [-0.27637482] | [0.99362751]
[42.426174] | [42.31000137] | [0.11617279] | [0.99725425]
Overall accuracy:  [0.98780114]
Directional accuracy:  0.52
gis
date: 25, prev: 23
date: 5, prev: 3
date: 24, prev: 22
date: 5, prev: 3
date: 23, prev: 21
404
101
25
Test loss: 0.018475450575351715
predicted | original | difference | accuracy
[75.2894] | [75.83999634] | [-0.55059814] | [0.99274]
[74.58786] | [73.43000031] | [1.1578598] | [0.98423179]
[71.90449] | [79.68000031] | [-7.7755127] | [0.90241575]
[77.05681] | [76.48000336] | [0.57680511] | [0.99245809]
[77.85175] | [77.37999725] | [0.47175598] | [0.99390339]
[77.33749] | [76.95999908] | [0.37748718] | [0.99509502]
[78.7425] | [76.88999939] | [1.85250092] | [0.97590713]
[79.09548] | [78.73999786] | [0.35548401] | [0.99548534]
[81.8328] | [80.73000336] | [1.10279846] | [0.98633967]
[80.604935] | [79.75] | [0.85493469] | [0.98927982]
[83.61694] | [82.44999695] | [1.16694641] | [0.98584662]
[82.294205] | [82.19999695] | [0.09420776] | [0.99885392]
[81.15116] | [80.30000305] | [0.85115814] | [0.98940027]
[84.23857] | [83.48999786] | [0.7485733] | [0.99103398]
[86.034615] | [85.55000305] | [0.48461151] | [0.99433534]
[85.22471] | [84.72000122] | [0.50470734] | [0.99404264]
[81.16201] | [80.12000275] | [1.04200745] | [0.98699442]
[72.94898] | [75.91000366] | [-2.96102142] | [0.960993]
[75.88003] | [74.20999908] | [1.67002869] | [0.97749591]
[73.21407] | [72.06999969] | [1.14407349] | [0.98412552]
[76.54716] | [76.58000183] | [-0.03284454] | [0.99957111]
[78.46988] | [76.36000061] | [2.10987854] | [0.97236932]
[74.865486] | [74.73999786] | [0.12548828] | [0.998321]
[72.68387] | [71.48999786] | [1.19387054] | [0.98330017]
[75.01075] | [75.12000275] | [-0.10925293] | [0.99854562]
Overall accuracy:  [0.98492339]
Directional accuracy:  0.44
nke
date: 25, prev: 23
date: 5, prev: 3
date: 24, prev: 22
date: 5, prev: 3
date: 23, prev: 21
404
101
25
Test loss: 0.003024074947461486
predicted | original | difference | accuracy
[233.3106] | [231.91999817] | [1.39059448] | [0.99400399]
[227.45021] | [226.02000427] | [1.4302063] | [0.99367221]
[222.77309] | [220.57000732] | [2.20307922] | [0.99001188]
[220.41312] | [221.78999329] | [-1.37687683] | [0.99379198]
[227.32083] | [226.41000366] | [0.91082764] | [0.99597709]
[230.84512] | [231.69000244] | [-0.84487915] | [0.99635341]
[236.01729] | [237.63999939] | [-1.62271118] | [0.99317156]
[234.81993] | [234.08999634] | [0.72993469] | [0.99688182]
[235.05508] | [229.61000061] | [5.44508362] | [0.97628551]
[232.25166] | [233.38000488] | [-1.12834167] | [0.99516522]
[236.58289] | [235.11000061] | [1.47288513] | [0.99373534]
[238.79927] | [237.80999756] | [0.98927307] | [0.99584007]
[235.26611] | [233.91000366] | [1.35610962] | [0.99420243]
[228.79564] | [229.24000549] | [-0.44436646] | [0.99806157]
[234.18964] | [235.33999634] | [-1.15036011] | [0.99511192]
[228.62862] | [224.24000549] | [4.38861084] | [0.98042896]
[228.33691] | [225.71000671] | [2.62690735] | [0.98836158]
[213.07219] | [213.86999512] | [-0.79780579] | [0.99626967]
[226.49469] | [226.96000671] | [-0.46531677] | [0.99794979]
[212.41527] | [212.36000061] | [0.05526733] | [0.99973975]
[226.4803] | [229.69000244] | [-3.20970154] | [0.98602594]
[231.21445] | [222.6499939] | [8.56445312] | [0.96153401]
[202.56529] | [202.11999512] | [0.44529724] | [0.99779687]
[191.77153] | [189.1000061] | [2.67152405] | [0.98587243]
[193.6065] | [190.69000244] | [2.91650391] | [0.98470552]
Overall accuracy:  [0.99123802]
Directional accuracy:  0.76
gs
date: 25, prev: 23
date: 5, prev: 3
date: 24, prev: 22
date: 5, prev: 3
date: 23, prev: 21
404
101
25
Test loss: 0.002266427269205451
predicted | original | difference | accuracy
[146.4411] | [145.38999939] | [1.05110168] | [0.99277047]
[142.85657] | [141.27999878] | [1.5765686] | [0.98884082]
[140.55925] | [139.69999695] | [0.85925293] | [0.9938493]
[141.82912] | [142.47999573] | [-0.65087891] | [0.99543179]
[146.73898] | [145.8999939] | [0.83898926] | [0.99424956]
[148.48804] | [146.3500061] | [2.13803101] | [0.98539097]
[147.38188] | [145.1499939] | [2.23188782] | [0.98462358]
[144.30852] | [147.69999695] | [-3.39147949] | [0.97703805]
[146.18811] | [144.47999573] | [1.70811462] | [0.9881775]
[145.60138] | [146.05999756] | [-0.45861816] | [0.99686007]
[146.32124] | [146.03999329] | [0.28125] | [0.99807416]
[147.01494] | [146.47999573] | [0.53494263] | [0.99634802]
[147.10582] | [145.44999695] | [1.65582275] | [0.98861586]
[148.92307] | [148.33000183] | [0.59306335] | [0.99600173]
[151.07678] | [151.3500061] | [-0.27322388] | [0.99819475]
[151.71039] | [151.21000671] | [0.50038147] | [0.99669082]
[152.58562] | [149.02999878] | [3.55561829] | [0.97614159]
[142.02531] | [140.8500061] | [1.17530823] | [0.9916556]
[132.7499] | [129.1000061] | [3.64988708] | [0.97172822]
[125.194954] | [124.79000092] | [0.404953] | [0.99675492]
[116.48588] | [115.66999817] | [0.81587982] | [0.99294649]
[123.322685] | [123.54000092] | [-0.21731567] | [0.99824093]
[120.62759] | [121.56999969] | [-0.94241333] | [0.99224798]
[117.419876] | [117.19000244] | [0.22987366] | [0.99803845]
[121.1802] | [124.26999664] | [-3.08979797] | [0.97513641]
Overall accuracy:  [0.99056192]
Directional accuracy:  0.68
ibm
date: 25, prev: 23
date: 5, prev: 3
date: 24, prev: 22
date: 5, prev: 3
date: 23, prev: 21
404
101
25
Test loss: 0.005500717554241419
predicted | original | difference | accuracy
[188.95993] | [188.83999634] | [0.11993408] | [0.99936489]
[183.23045] | [184.91999817] | [-1.68954468] | [0.99086338]
[182.72783] | [185.11000061] | [-2.38217163] | [0.98713105]
[182.47571] | [187.97000122] | [-5.49429321] | [0.97077037]
[188.35483] | [191.33000183] | [-2.97517395] | [0.98445004]
[189.68076] | [191.44000244] | [-1.75924683] | [0.99081045]
[192.63678] | [190.97999573] | [1.65678406] | [0.99132483]
[203.80453] | [207.99000549] | [-4.18547058] | [0.97987658]
[208.56563] | [207.52999878] | [1.03562927] | [0.99500974]
[213.07938] | [217.58000183] | [-4.50062561] | [0.97931508]
[215.84135] | [216.16000366] | [-0.31864929] | [0.99852586]
[224.56139] | [227.63000488] | [-3.06861877] | [0.98651927]
[224.79478] | [221.30000305] | [3.49478149] | [0.98420795]
[226.80461] | [223.83999634] | [2.96461487] | [0.98675565]
[220.3614] | [217.66000366] | [2.70140076] | [0.9875889]
[225.30252] | [225.74000549] | [-0.43748474] | [0.998062]
[229.19995] | [224.28999329] | [4.90995789] | [0.97810889]
[216.70549] | [222.11000061] | [-5.4045105] | [0.97566741]
[217.72975] | [219.30999756] | [-1.58024597] | [0.99279446]
[220.83421] | [216.30000305] | [4.53421021] | [0.9790374]
[220.77] | [207.47999573] | [13.29000854] | [0.93594559]
[208.02826] | [204.47000122] | [3.55825806] | [0.98259765]
[188.53853] | [193.52999878] | [-4.99147034] | [0.97420829]
[171.74358] | [172.28999329] | [-0.54641724] | [0.9968285]
[178.61374] | [178.58000183] | [0.03373718] | [0.99981108]
Overall accuracy:  [0.98502301]
Directional accuracy:  0.64
aapl
