date: 25, prev: 23
date: 5, prev: 3
date: 24, prev: 22
date: 5, prev: 3
date: 23, prev: 21
404
101
25
Test loss: 0.015823958441615105
predicted | original | difference | accuracy
[44.58196] | [45.43000031] | [-0.84804153] | [0.98133301]
[45.02101] | [45.22000122] | [-0.19898987] | [0.99559952]
[44.68289] | [44.25999832] | [0.42289352] | [0.99044524]
[44.994987] | [45.04000092] | [-0.04501343] | [0.99900059]
[44.627666] | [44.90999985] | [-0.28233337] | [0.99371335]
[43.36554] | [43.36000061] | [0.00553894] | [0.99987226]
[44.344746] | [44.97999954] | [-0.63525391] | [0.98587697]
[45.75247] | [47.24000168] | [-1.48753357] | [0.96851114]
[45.29013] | [45.18000031] | [0.11013031] | [0.99756241]
[46.66705] | [47.20999908] | [-0.54294968] | [0.98849927]
[45.702686] | [45.97999954] | [-0.27731323] | [0.99396883]
[45.74479] | [46.00999832] | [-0.2652092] | [0.99423584]
[47.090477] | [47.54999924] | [-0.45952225] | [0.99033602]
[47.640057] | [47.75] | [-0.10994339] | [0.99769752]
[44.677776] | [44.45999908] | [0.21777725] | [0.99510173]
[43.109245] | [42.91999817] | [0.18924713] | [0.9955907]
[43.40293] | [43.49000168] | [-0.08707047] | [0.99799792]
[43.038647] | [43.09999847] | [-0.06135178] | [0.99857652]
[43.654404] | [44.54000092] | [-0.88559723] | [0.98011681]
[44.532974] | [43.52000046] | [1.01297379] | [0.97672395]
[44.229824] | [42.16999817] | [2.0598259] | [0.95115423]
[44.52676] | [45.31000137] | [-0.78324127] | [0.98271372]
[45.29146] | [44.18000031] | [1.11145782] | [0.97484251]
[43.35151] | [43.36999893] | [-0.01848984] | [0.99957367]
[42.39625] | [42.31000137] | [0.08625031] | [0.99796147]
Overall accuracy:  [0.98908021]
Directional accuracy:  0.64
gis
date: 25, prev: 23
date: 5, prev: 3
date: 24, prev: 22
date: 5, prev: 3
date: 23, prev: 21
404
101
25
Test loss: 0.01647459901869297
predicted | original | difference | accuracy
[74.73276] | [75.83999634] | [-1.10723877] | [0.98540033]
[73.80796] | [73.43000031] | [0.37796021] | [0.99485278]
[71.87447] | [79.68000031] | [-7.80552673] | [0.90203907]
[76.256134] | [76.48000336] | [-0.22386932] | [0.99707284]
[77.073746] | [77.37999725] | [-0.30625153] | [0.99604224]
[76.54115] | [76.95999908] | [-0.41884613] | [0.99455761]
[77.91021] | [76.88999939] | [1.02021027] | [0.98673156]
[77.972374] | [78.73999786] | [-0.7676239] | [0.99025116]
[80.622314] | [80.73000336] | [-0.1076889] | [0.99866606]
[79.61043] | [79.75] | [-0.13957214] | [0.99824988]
[82.41006] | [82.44999695] | [-0.03993988] | [0.99951559]
[81.14875] | [82.19999695] | [-1.05124664] | [0.98721111]
[80.04406] | [80.30000305] | [-0.2559433] | [0.99681266]
[82.940674] | [83.48999786] | [-0.54932404] | [0.99342048]
[84.44177] | [85.55000305] | [-1.10823059] | [0.98704581]
[83.91055] | [84.72000122] | [-0.80944824] | [0.99044561]
[79.92301] | [80.12000275] | [-0.19699097] | [0.9975413]
[73.13197] | [75.91000366] | [-2.7780304] | [0.96340363]
[75.382645] | [74.20999908] | [1.17264557] | [0.98419828]
[72.66556] | [72.06999969] | [0.59555817] | [0.99173639]
[75.71878] | [76.58000183] | [-0.86122131] | [0.98875397]
[77.696304] | [76.36000061] | [1.33630371] | [0.98249995]
[74.310524] | [74.73999786] | [-0.42947388] | [0.99425376]
[72.595345] | [71.48999786] | [1.10534668] | [0.98453844]
[74.51479] | [75.12000275] | [-0.60520935] | [0.99194343]
Overall accuracy:  [0.98708736]
Directional accuracy:  0.6
nke
date: 25, prev: 23
date: 5, prev: 3
date: 24, prev: 22
date: 5, prev: 3
date: 23, prev: 21
404
101
25
Test loss: 0.0025791891384869814
predicted | original | difference | accuracy
[232.57909] | [231.91999817] | [0.65908813] | [0.99715812]
[226.30597] | [226.02000427] | [0.28596497] | [0.99873478]
[221.96146] | [220.57000732] | [1.39144897] | [0.99369158]
[219.80608] | [221.78999329] | [-1.98391724] | [0.99105497]
[226.07567] | [226.41000366] | [-0.33433533] | [0.99852332]
[229.05554] | [231.69000244] | [-2.63446045] | [0.98862937]
[235.93716] | [237.63999939] | [-1.70283508] | [0.99283439]
[233.62881] | [234.08999634] | [-0.46118164] | [0.9980299]
[233.5902] | [229.61000061] | [3.98019409] | [0.98266541]
[231.22202] | [233.38000488] | [-2.1579895] | [0.99075332]
[235.99625] | [235.11000061] | [0.88624573] | [0.99623051]
[238.93257] | [237.80999756] | [1.12257385] | [0.99527953]
[234.26022] | [233.91000366] | [0.35021973] | [0.99850276]
[227.58282] | [229.24000549] | [-1.65718079] | [0.99277098]
[235.25587] | [235.33999634] | [-0.0841217] | [0.99964255]
[227.48857] | [224.24000549] | [3.24856567] | [0.985513]
[226.47661] | [225.71000671] | [0.76660156] | [0.9966036]
[213.52219] | [213.86999512] | [-0.34780884] | [0.99837374]
[224.22232] | [226.96000671] | [-2.73768616] | [0.98793758]
[213.39531] | [212.36000061] | [1.03530884] | [0.99512475]
[225.10126] | [229.69000244] | [-4.58874512] | [0.98002201]
[230.28215] | [222.6499939] | [7.63215637] | [0.96572128]
[202.28133] | [202.11999512] | [0.16133118] | [0.9992018]
[191.74544] | [189.1000061] | [2.64543152] | [0.98601041]
[192.89372] | [190.69000244] | [2.20372009] | [0.98844344]
Overall accuracy:  [0.99189812]
Directional accuracy:  0.76
gs
date: 25, prev: 23
date: 5, prev: 3
date: 24, prev: 22
date: 5, prev: 3
date: 23, prev: 21
404
101
25
Test loss: 0.0023759787436574697
predicted | original | difference | accuracy
[145.63083] | [145.38999939] | [0.24082947] | [0.99834356]
[141.47078] | [141.27999878] | [0.19078064] | [0.99864963]
[139.48438] | [139.69999695] | [-0.21562195] | [0.99845654]
[140.90544] | [142.47999573] | [-1.57455444] | [0.98894894]
[146.38116] | [145.8999939] | [0.48117065] | [0.99670205]
[148.58842] | [146.3500061] | [2.23841858] | [0.98470503]
[146.94675] | [145.1499939] | [1.79675293] | [0.98762141]
[143.17278] | [147.69999695] | [-4.52722168] | [0.96934853]
[145.33342] | [144.47999573] | [0.85342407] | [0.99409313]
[145.17525] | [146.05999756] | [-0.88475037] | [0.99394256]
[145.5606] | [146.03999329] | [-0.47940063] | [0.99671733]
[146.31725] | [146.47999573] | [-0.16275024] | [0.99888893]
[146.52498] | [145.44999695] | [1.07498169] | [0.99260927]
[148.94763] | [148.33000183] | [0.61763] | [0.99583611]
[151.31662] | [151.3500061] | [-0.03338623] | [0.99977941]
[151.78749] | [151.21000671] | [0.57748413] | [0.99618091]
[152.38252] | [149.02999878] | [3.3525238] | [0.97750437]
[139.86993] | [140.8500061] | [-0.98007202] | [0.99304173]
[131.67868] | [129.1000061] | [2.57867432] | [0.98002576]
[125.78932] | [124.79000092] | [0.99932098] | [0.99199198]
[116.15444] | [115.66999817] | [0.48444366] | [0.99581185]
[122.22518] | [123.54000092] | [-1.31481934] | [0.98935714]
[119.993675] | [121.56999969] | [-1.57632446] | [0.98703361]
[117.00212] | [117.19000244] | [-0.18788147] | [0.99839678]
[120.26222] | [124.26999664] | [-4.00777435] | [0.96774946]
Overall accuracy:  [0.99086944]
Directional accuracy:  0.44
ibm
date: 25, prev: 23
date: 5, prev: 3
date: 24, prev: 22
date: 5, prev: 3
date: 23, prev: 21
404
101
25
Test loss: 0.005371411330997944
predicted | original | difference | accuracy
[189.19191] | [188.83999634] | [0.35191345] | [0.99813645]
[183.22758] | [184.91999817] | [-1.69241333] | [0.99084786]
[183.42805] | [185.11000061] | [-1.6819458] | [0.9909138]
[182.63103] | [187.97000122] | [-5.338974] | [0.97159667]
[188.6489] | [191.33000183] | [-2.68110657] | [0.985987]
[189.86678] | [191.44000244] | [-1.57322693] | [0.99178214]
[192.5745] | [190.97999573] | [1.59449768] | [0.99165097]
[203.03998] | [207.99000549] | [-4.95002747] | [0.97620065]
[207.52173] | [207.52999878] | [-0.00827026] | [0.99996015]
[211.97144] | [217.58000183] | [-5.60856628] | [0.97422297]
[214.69495] | [216.16000366] | [-1.46505737] | [0.99322235]
[223.89864] | [227.63000488] | [-3.73136902] | [0.98360775]
[223.69034] | [221.30000305] | [2.39033508] | [0.98919867]
[225.59517] | [223.83999634] | [1.75517273] | [0.99215881]
[219.09164] | [217.66000366] | [1.43164062] | [0.99342258]
[223.73105] | [225.74000549] | [-2.00895691] | [0.99110057]
[228.41747] | [224.28999329] | [4.12747192] | [0.98159761]
[215.70026] | [222.11000061] | [-6.40974426] | [0.97114158]
[217.2362] | [219.30999756] | [-2.0737915] | [0.99054402]
[219.16124] | [216.30000305] | [2.86123657] | [0.98677191]
[220.42052] | [207.47999573] | [12.94052124] | [0.93763003]
[207.67725] | [204.47000122] | [3.20724487] | [0.98431435]
[188.81693] | [193.52999878] | [-4.71307373] | [0.97564681]
[174.54222] | [172.28999329] | [2.25222778] | [0.98692769]
[177.10425] | [178.58000183] | [-1.47575378] | [0.99173618]
Overall accuracy:  [0.98481278]
Directional accuracy:  0.6
aapl
