date: 25, prev: 23
date: 5, prev: 3
date: 24, prev: 22
date: 5, prev: 3
date: 23, prev: 21
404
101
25
Test loss: 0.01842287741601467
predicted | original | difference | accuracy
[44.56377] | [45.43000031] | [-0.86623001] | [0.98093264]
[45.026176] | [45.22000122] | [-0.19382477] | [0.99571374]
[44.73986] | [44.25999832] | [0.47986221] | [0.98915811]
[44.941803] | [45.04000092] | [-0.09819794] | [0.99781976]
[44.61528] | [44.90999985] | [-0.2947197] | [0.99343755]
[43.217625] | [43.36000061] | [-0.14237595] | [0.99671642]
[44.214756] | [44.97999954] | [-0.76524353] | [0.98298703]
[45.878258] | [47.24000168] | [-1.36174393] | [0.97117392]
[45.514503] | [45.18000031] | [0.33450317] | [0.99259621]
[46.592953] | [47.20999908] | [-0.61704636] | [0.98692975]
[45.818237] | [45.97999954] | [-0.16176224] | [0.9964819]
[45.717182] | [46.00999832] | [-0.29281616] | [0.99363581]
[47.158466] | [47.54999924] | [-0.3915329] | [0.99176587]
[47.65597] | [47.75] | [-0.09402847] | [0.99803082]
[44.814644] | [44.45999908] | [0.35464478] | [0.99202328]
[43.089027] | [42.91999817] | [0.16902924] | [0.99606176]
[43.191353] | [43.49000168] | [-0.29864883] | [0.99313293]
[42.923553] | [43.09999847] | [-0.17644501] | [0.99590615]
[43.24299] | [44.54000092] | [-1.29701233] | [0.97087983]
[44.47699] | [43.52000046] | [0.95698929] | [0.97801036]
[44.418774] | [42.16999817] | [2.24877548] | [0.94667357]
[44.453682] | [45.31000137] | [-0.85631943] | [0.98110087]
[45.32303] | [44.18000031] | [1.14302826] | [0.97412793]
[43.215702] | [43.36999893] | [-0.15429688] | [0.99644231]
[42.384888] | [42.31000137] | [0.07488632] | [0.99823006]
Overall accuracy:  [0.98759874]
Directional accuracy:  0.4
gis
date: 25, prev: 23
date: 5, prev: 3
date: 24, prev: 22
date: 5, prev: 3
date: 23, prev: 21
404
101
25
Test loss: 0.015493831597268581
predicted | original | difference | accuracy
[75.032486] | [75.83999634] | [-0.80751038] | [0.98935245]
[74.12544] | [73.43000031] | [0.6954422] | [0.99052918]
[72.012] | [79.68000031] | [-7.66799927] | [0.90376507]
[76.83978] | [76.48000336] | [0.35977936] | [0.99529577]
[77.52399] | [77.37999725] | [0.14398956] | [0.99813919]
[77.09039] | [76.95999908] | [0.13039398] | [0.99830569]
[78.43547] | [76.88999939] | [1.54547119] | [0.97990023]
[78.66642] | [78.73999786] | [-0.07357788] | [0.99906556]
[81.400246] | [80.73000336] | [0.67024231] | [0.99169773]
[80.28071] | [79.75] | [0.53070831] | [0.99334535]
[83.202675] | [82.44999695] | [0.75267792] | [0.9908711]
[81.95898] | [82.19999695] | [-0.2410202] | [0.99706788]
[80.98615] | [80.30000305] | [0.6861496] | [0.99145517]
[83.81226] | [83.48999786] | [0.32226562] | [0.99614007]
[85.5156] | [85.55000305] | [-0.03440094] | [0.99959788]
[84.83249] | [84.72000122] | [0.11248779] | [0.99867224]
[80.984695] | [80.12000275] | [0.86469269] | [0.98920753]
[73.93463] | [75.91000366] | [-1.97537231] | [0.97397744]
[75.65788] | [74.20999908] | [1.44788361] | [0.98048937]
[72.870155] | [72.06999969] | [0.80015564] | [0.98889752]
[76.48693] | [76.58000183] | [-0.09307098] | [0.99878466]
[78.18059] | [76.36000061] | [1.82058716] | [0.97615784]
[74.46213] | [74.73999786] | [-0.27787018] | [0.99628218]
[72.63406] | [71.48999786] | [1.14406586] | [0.98399684]
[74.92683] | [75.12000275] | [-0.19317627] | [0.99742843]
Overall accuracy:  [0.9879369]
Directional accuracy:  0.48
nke
date: 25, prev: 23
date: 5, prev: 3
date: 24, prev: 22
date: 5, prev: 3
date: 23, prev: 21
404
101
25
Test loss: 0.0028580587822943926
predicted | original | difference | accuracy
[233.30283] | [231.91999817] | [1.38282776] | [0.99403748]
[227.19606] | [226.02000427] | [1.17605591] | [0.99479667]
[222.78526] | [220.57000732] | [2.21525574] | [0.98995668]
[220.37495] | [221.78999329] | [-1.41503906] | [0.99361991]
[227.03459] | [226.41000366] | [0.62458801] | [0.99724134]
[230.38576] | [231.69000244] | [-1.304245] | [0.99437073]
[235.18745] | [237.63999939] | [-2.45254517] | [0.98967958]
[234.41934] | [234.08999634] | [0.3293457] | [0.99859308]
[233.73831] | [229.61000061] | [4.12831116] | [0.98202033]
[230.88644] | [233.38000488] | [-2.49356079] | [0.98931545]
[235.47173] | [235.11000061] | [0.36172485] | [0.99846147]
[238.34286] | [237.80999756] | [0.53286743] | [0.99775927]
[234.72006] | [233.91000366] | [0.81005859] | [0.99653688]
[228.49408] | [229.24000549] | [-0.7459259] | [0.99674609]
[234.55759] | [235.33999634] | [-0.78240967] | [0.99667541]
[228.24973] | [224.24000549] | [4.00971985] | [0.98211862]
[227.62965] | [225.71000671] | [1.91964722] | [0.99149507]
[212.32758] | [213.86999512] | [-1.54241943] | [0.99278805]
[224.73566] | [226.96000671] | [-2.22434998] | [0.99019937]
[211.9941] | [212.36000061] | [-0.36590576] | [0.99827696]
[225.2209] | [229.69000244] | [-4.46910095] | [0.9805429]
[231.14954] | [222.6499939] | [8.49954224] | [0.96182554]
[202.31224] | [202.11999512] | [0.19224548] | [0.99904885]
[191.04305] | [189.1000061] | [1.94303894] | [0.98972481]
[192.22609] | [190.69000244] | [1.53608704] | [0.99194459]
Overall accuracy:  [0.99151101]
Directional accuracy:  0.68
gs
date: 25, prev: 23
date: 5, prev: 3
date: 24, prev: 22
date: 5, prev: 3
date: 23, prev: 21
404
101
25
Test loss: 0.0030603997875005007
predicted | original | difference | accuracy
[146.1231] | [145.38999939] | [0.73309326] | [0.99495775]
[142.75757] | [141.27999878] | [1.47756958] | [0.98954155]
[139.17815] | [139.69999695] | [-0.52185059] | [0.99626449]
[140.36292] | [142.47999573] | [-2.11708069] | [0.98514121]
[145.64378] | [145.8999939] | [-0.25621033] | [0.99824393]
[146.63922] | [146.3500061] | [0.28921509] | [0.99802381]
[146.62617] | [145.1499939] | [1.47618103] | [0.98982996]
[144.02885] | [147.69999695] | [-3.67114258] | [0.9751446]
[146.02495] | [144.47999573] | [1.54495239] | [0.98930681]
[144.40556] | [146.05999756] | [-1.6544342] | [0.98867291]
[145.74513] | [146.03999329] | [-0.29486084] | [0.99798096]
[146.54506] | [146.47999573] | [0.06506348] | [0.99955582]
[146.31863] | [145.44999695] | [0.86863708] | [0.99402793]
[147.64166] | [148.33000183] | [-0.68833923] | [0.99535941]
[149.77676] | [151.3500061] | [-1.57324219] | [0.98960527]
[150.55208] | [151.21000671] | [-0.65792847] | [0.99564891]
[152.40324] | [149.02999878] | [3.37324524] | [0.97736533]
[142.5106] | [140.8500061] | [1.66059875] | [0.98821016]
[134.79372] | [129.1000061] | [5.69371033] | [0.9558969]
[124.2435] | [124.79000092] | [-0.54650116] | [0.99562063]
[116.45504] | [115.66999817] | [0.78504181] | [0.99321309]
[122.75233] | [123.54000092] | [-0.78767395] | [0.99362414]
[119.77728] | [121.56999969] | [-1.79271698] | [0.98525362]
[117.01997] | [117.19000244] | [-0.17002869] | [0.99854912]
[120.60437] | [124.26999664] | [-3.66562653] | [0.97050272]
Overall accuracy:  [0.98942164]
Directional accuracy:  0.6
ibm
date: 25, prev: 23
date: 5, prev: 3
date: 24, prev: 22
date: 5, prev: 3
date: 23, prev: 21
404
101
25
Test loss: 0.005748181138187647
predicted | original | difference | accuracy
[188.26701] | [188.83999634] | [-0.57298279] | [0.99696578]
[182.82452] | [184.91999817] | [-2.09547424] | [0.98866821]
[182.3806] | [185.11000061] | [-2.72940063] | [0.98525525]
[182.43483] | [187.97000122] | [-5.53517151] | [0.9705529]
[188.01048] | [191.33000183] | [-3.31951904] | [0.9826503]
[189.11818] | [191.44000244] | [-2.32182312] | [0.9878718]
[191.7702] | [190.97999573] | [0.79020691] | [0.99586236]
[203.99443] | [207.99000549] | [-3.99557495] | [0.98078958]
[207.10155] | [207.52999878] | [-0.42845154] | [0.99793547]
[211.31244] | [217.58000183] | [-6.26756287] | [0.97119421]
[214.10637] | [216.16000366] | [-2.05363464] | [0.99049947]
[223.65038] | [227.63000488] | [-3.97962952] | [0.98251711]
[222.7105] | [221.30000305] | [1.41049194] | [0.99362634]
[224.76938] | [223.83999634] | [0.92938232] | [0.99584801]
[218.54553] | [217.66000366] | [0.88552856] | [0.9959316]
[223.47226] | [225.74000549] | [-2.26774597] | [0.98995417]
[227.09683] | [224.28999329] | [2.80683899] | [0.98748567]
[214.5869] | [222.11000061] | [-7.52310181] | [0.96612894]
[215.7686] | [219.30999756] | [-3.54139709] | [0.98385209]
[218.37346] | [216.30000305] | [2.07345581] | [0.99041398]
[220.58133] | [207.47999573] | [13.10133362] | [0.93685496]
[206.69307] | [204.47000122] | [2.22306824] | [0.98912766]
[188.44707] | [193.52999878] | [-5.08293152] | [0.97373569]
[175.36247] | [172.28999329] | [3.07247925] | [0.98216682]
[176.90338] | [178.58000183] | [-1.67662048] | [0.99061138]
Overall accuracy:  [0.98425999]
Directional accuracy:  0.64
aapl
